A 1717 441 230 410 30 0
A 1027 251 1509 496 15 4
A 1915 657 687 931 41 1
A 1441 1061 1105 511 15 0
A 1411 212 299 807 48 3
A 1622 116 748 362 13 0
A 1179 962 90 936 47 1
A 247 850 1419 867 26 1
A 1355 392 1733 582 15 0
A 1048 661 1013 77 34 1
A 1065 384 243 13 9 2
A 1523 309 819 136 17 2
A 601 946 963 472 32 2
A 68 164 589 582 37 3
A 949 935 565 852 38 0
A 1750 814 345 744 48 1
A 15 314 445 958 34 2
A 433 187 1676 936 6 1
A 1101 48 534 137 45 1
A 410 714 674 93 49 0
A 948 753 850 254 35 1
A 1072 632 615 126 21 3
A 1231 107 1603 966 20 4
A 864 152 1302 221 19 1
A 805 1075 1494 890 30 3
A 1700 141 372 591 32 1
A 1618 840 344 149 22 2
A 35 555 342 110 42 4
A 817 1041 890 838 18 1
A 1225 242 103 12 8 0
A 76 815 724 675 31 1
A 988 993 764 563 40 0
A 87 715 1613 570 2 3
A 837 674 307 135 45 3
A 1616 935 171 629 46 0
A 541 869 576 325 43 1
A 696 1048 857 940 31 4
A 803 553 119 242 35 2
A 615 855 1448 785 40 2
A 30 149 956 473 33 2
A 501 1067 1798 895 25 1
A 901 421 1054 796 39 0
A 1353 834 83 284 46 1
A 1762 958 524 370 44 3
A 1557 379 1743 291 35 3
A 203 756 540 81 34 2
A 1494 320 1887 942 38 0
A 1191 276 543 64 12 3
A 1694 479 1567 755 39 3
A 672 509 724 513 50 2
A 29 1035 906 1027 43 2
A 1135 214 805 299 45 4
A 1718 1072 701 679 46 2
A 1513 842 1636 64 5 4
A 1712 104 1052 155 29 3
A 900 936 894 346 41 0
A 4 980 832 983 7 2
A 1560 690 1160 1019 16 3
A 1148 125 959 1017 35 1
A 139 1003 1737 489 47 0
A 172 769 299 708 42 4
A 549 15 1290 967 37 4
A 371 21 1404 252 37 2
A 489 500 1641 702 21 4
A 930 929 1328 373 26 3
A 1422 552 473 88 20 4
A 1111 1028 451 484 18 0
A 760 664 1425 714 24 1
A 1537 715 1095 546 12 1
A 981 616 837 118 1 0
A 1369 729 208 146 2 0
A 246 155 1359 525 10 1
A 896 1021 1564 412 38 4
A 1479 533 217 633 24 1
A 1878 65 125 90 49 2
A 1133 591 1328 700 28 1
A 1595 354 867 1028 35 4
A 249 98 796 685 31 2
A 817 527 689 534 29 4
A 736 295 481 542 15 4
A 782 178 1746 206 18 4
A 575 483 1545 790 18 2
A 300 486 949 103 41 2
A 747 0 1574 206 32 3
A 1833 277 1891 496 24 3
A 50 462 13 413 11 0
A 318 771 9 571 33 3
A 1499 490 930 384 20 3
A 1085 369 271 464 16 3
A 479 1064 1677 120 26 4
A 1006 835 1484 354 23 2
A 1067 121 880 400 22 0
A 723 1058 473 835 25 4
A 1482 621 1433 161 44 1
A 1009 63 886 62 47 4
A 307 881 1287 322 17 0
A 190 1050 902 1037 31 3
A 456 417 769 396 45 1
A 1581 301 1734 718 15 3
A 267 633 365 376 38 2
A 1522 787 1083 282 42 4
A 765 361 724 25 23 4
A 1015 530 932 226 13 0
A 1302 294 256 255 20 4
A 315 339 388 772 27 4
A 542 1017 1427 359 14 2
A 1683 295 1732 466 35 0
A 847 634 1756 1031 19 1
A 1565 374 308 167 46 2
A 1866 773 377 601 25 3
A 1044 748 68 146 23 3
A 1909 86 34 194 50 3
A 508 29 1785 234 43 4
A 1209 749 1745 803 37 3
A 532 752 691 835 17 3
A 381 79 805 921 36 3
A 1095 8 1775 809 25 3
A 1024 1007 959 283 13 4
A 36 294 1143 361 33 2
A 717 121 861 231 16 0
A 1519 688 1576 260 33 3
A 1873 622 1382 576 38 2
A 1301 773 186 16 21 3
A 217 974 165 272 32 3
A 669 1065 1502 212 13 4
A 1242 378 1565 324 37 1
A 402 314 740 751 46 1
A 1471 675 69 807 33 4
A 186 670 1750 608 15 0
A 547 399 198 826 41 1
A 298 128 895 324 13 2
A 370 665 799 664 35 3
A 1129 561 551 463 24 0
A 1851 1060 1298 1002 13 1
A 1376 606 1208 995 23 3
A 1308 381 57 206 21 2
A 1583 14 1368 224 11 1
A 617 742 813 826 7 2
A 1248 378 1084 919 41 3
A 1020 524 163 988 31 2
A 378 2 1056 672 48 3
A 478 636 756 1058 3 0
A 1906 319 1489 649 19 3
A 843 800 1813 556 14 4
A 53 1046 190 436 31 1
A 1496 288 461 1048 46 1
A 733 442 1566 982 48 3
A 294 464 475 744 8 4
A 664 1024 572 520 10 4
A 1524 895 1730 585 49 3
A 440 929 793 1000 49 2
A 1140 750 87 600 22 2
A 1382 472 843 379 18 2
A 575 99 725 93 17 0
A 1011 191 1505 653 10 3
A 384 452 1806 847 5 0
A 887 692 1427 176 35 1
A 1243 224 490 1013 27 0
A 1034 77 908 714 17 2
A 1757 1059 1909 772 25 0
A 296 175 1710 332 33 2
A 1731 467 692 275 16 4
A 490 535 1889 1058 36 4
A 179 397 611 142 27 4
A 244 828 1142 1002 28 2
A 1039 263 1790 988 9 1
A 1105 979 1887 1071 28 1
A 332 915 1425 110 24 4
A 1066 933 660 931 8 0
A 1449 634 1432 19 43 1
A 1838 125 506 391 20 3
A 1683 170 1652 428 43 3
A 1705 36 338 564 30 3
A 702 109 1873 72 17 2
A 864 450 1638 1036 9 3
A 626 958 1105 361 46 2
A 1243 749 724 127 10 0
A 39 824 626 15 30 4
A 285 1070 2 698 23 1
A 1483 375 552 362 43 0
A 39 16 175 549 6 0
A 1260 26 1904 1066 42 3
A 1507 884 1919 267 42 2
A 1203 155 1665 193 24 2
A 1462 395 1859 180 18 2
A 1512 118 555 505 50 1
A 866 745 1139 185 46 3
A 653 1024 49 530 44 0
A 281 199 1400 876 38 0
A 281 725 1564 1011 35 3
A 1152 805 512 227 11 0
A 527 661 762 828 19 3
A 58 840 113 320 30 2
A 352 719 1031 812 38 3
A 356 365 256 15 38 1
A 593 964 1578 417 31 2
A 786 557 1603 789 19 0
A 1363 670 1892 313 50 3
A 1726 943 1238 864 29 3
A 1624 20 1679 531 24 1
A 518 490 1318 487 12 3
A 941 819 477 485 38 4
A 547 450 1495 775 17 1
A 873 639 1092 111 7 4
A 502 807 1884 425 36 0
A 1813 798 1425 977 17 4
A 464 849 711 586 35 2
A 60 173 615 319 25 3
A 1177 202 1411 843 1 0
A 886 60 711 355 45 0
A 372 566 1876 145 43 4
A 6 530 1759 887 36 0
A 1220 952 488 1000 25 1
A 720 970 884 638 11 2
A 1441 365 10 828 47 1
A 1257 1020 1089 470 8 1
A 564 211 1770 930 18 1
A 1674 857 1026 555 47 1
A 910 557 1157 243 47 3
A 223 172 1446 1007 15 3
A 1698 845 56 283 25 1
A 198 903 63 302 38 4
A 522 261 343 72 34 0
A 1639 768 1895 952 44 1
A 1445 9 181 947 4 1
A 1058 1008 881 133 40 2
A 1765 674 489 183 19 0
A 1352 133 1210 303 19 4
A 1497 320 892 665 15 3
A 156 730 1162 268 33 2
A 1160 669 569 390 50 1
A 1899 562 1699 887 15 1
A 418 624 1799 214 16 2
A 1146 218 1068 895 11 3
A 856 139 1907 471 43 2
A 1285 153 1860 691 15 2
A 1734 666 784 970 40 1
A 1750 234 938 678 3 4
A 1602 397 677 956 48 1
A 632 453 824 602 4 3
A 292 69 1807 542 50 1
A 1831 78 773 243 5 4
A 1535 963 391 362 49 4
A 548 980 788 870 39 4
A 416 1025 800 582 50 2
A 343 624 291 1061 34 4
A 1212 239 1820 109 19 0
A 1855 299 1838 473 43 3
A 903 765 1802 122 42 2
A 259 742 1874 776 10 1
A 291 792 307 294 23 4
A 1427 1047 641 55 9 0
A 316 654 1292 715 39 4
A 343 483 1013 1012 47 1
A 853 257 122 823 47 1
A 1317 822 1639 1074 7 3
A 752 732 367 126 28 2
A 26 352 1843 23 1 0
A 1305 1019 384 757 32 1
A 663 503 1873 356 39 3
A 345 916 940 197 21 0
A 508 354 1712 1073 10 0
A 429 856 222 845 30 1
A 1364 489 1894 508 4 1
A 424 809 1697 508 5 1
A 407 402 147 707 34 4
A 69 916 241 1066 16 0
A 665 673 682 872 2 1
A 77 726 22 465 26 3
A 85 189 707 620 13 0
A 1525 515 1467 299 14 4
A 1422 732 489 19 7 1
A 1027 953 737 854 41 2
A 1836 438 121 948 48 0
A 785 119 1336 520 44 0
A 23 181 747 775 23 2
A 382 310 1627 147 30 1
A 444 36 1604 393 24 3
A 1128 669 249 761 19 3
A 1106 868 1881 1007 50 3
A 314 133 1816 222 40 2
A 61 882 649 747 16 2
A 1602 255 965 202 4 4
A 548 29 1748 139 7 0
A 391 1027 187 982 48 0
A 195 815 327 164 50 1
A 300 1045 1216 35 15 2
A 1430 3 795 611 31 3
A 1205 407 823 39 14 4
A 1132 631 145 361 11 0
A 1836 531 1888 384 32 0
A 1868 931 1088 143 35 1
A 206 545 1434 791 21 0
A 1668 567 99 771 4 3
A 622 88 600 868 17 4
A 186 697 1530 338 8 2
A 248 819 720 107 30 4
A 1173 168 1350 653 27 3
A 60 329 1585 658 28 3
A 819 170 336 766 35 4
A 232 485 296 123 23 3
A 795 749 1480 19 47 2
A 1824 681 973 601 27 0
A 486 1071 251 84 40 0
A 202 1007 885 946 47 2
A 1468 395 720 796 48 0
A 1913 655 1898 678 37 2
A 1695 411 753 99 1 2
A 988 321 1280 248 10 4
A 963 94 937 701 9 1
A 315 575 1296 946 5 4
A 1719 259 1693 889 9 1
A 1482 1006 1164 252 46 1
A 426 0 676 169 37 0
A 224 842 1099 556 10 4
A 1469 40 1062 671 20 3
A 1664 718 1532 593 17 3
A 1754 618 1252 1058 15 1
A 484 135 548 523 24 3
A 1155 414 1457 913 3 4
A 1024 129 1769 289 2 3
A 1773 378 350 1002 36 4
A 688 147 1885 267 19 2
A 1052 575 1063 416 14 4
A 194 7 1391 336 30 1
A 1762 765 838 179 18 3
A 458 760 1229 545 17 1
A 1064 756 951 674 19 0
A 1432 57 1906 250 27 3
A 1496 687 77 552 33 4
A 1505 974 182 913 15 3
A 903 710 1847 517 2 3
A 1791 390 842 821 7 1
A 1082 1079 786 815 41 1
A 357 466 1314 427 43 2
A 1304 439 1398 928 10 3
A 402 332 829 63 11 2
A 1699 689 516 832 32 4
A 108 855 1784 458 36 3
A 1533 253 517 883 24 3
A 27 30 90 60 23 3
A 798 27 926 278 10 0
A 1553 151 152 228 13 2
A 646 749 1626 183 22 3
A 192 734 397 467 10 0
A 1822 803 1016 336 13 4
A 1 457 1374 931 25 1
A 779 573 1317 136 4 0
A 632 718 469 131 45 1
A 1281 404 1155 471 49 4
A 1328 185 1133 281 6 2
A 614 188 1521 749 33 3
A 985 284 1665 807 7 4
A 1031 59 1187 574 18 3
A 470 479 1178 562 13 1
A 188 918 880 359 22 4
A 1011 260 930 376 9 4
A 718 587 1536 972 21 2
A 1240 257 411 837 50 4
A 1003 375 794 932 32 2
A 1261 684 467 466 28 3
A 933 1070 72 307 32 3
A 978 479 15 178 20 1
A 1757 323 282 520 28 0
A 221 519 1202 213 17 4
A 139 378 1459 265 48 2
A 1235 564 1580 904 19 2
A 606 485 1792 108 49 0
A 171 1069 154 725 16 2
A 343 193 341 238 10 3
A 1137 44 1550 573 29 3
A 1763 668 1462 262 5 1
A 1376 991 419 512 26 4
A 1257 959 666 398 32 3
A 1246 600 174 742 29 2
A 504 1062 294 965 5 2
A 596 47 1120 1004 32 1
A 1204 390 1755 953 31 2
A 512 78 517 396 18 4
A 1014 714 1333 115 30 0
A 325 165 1512 166 26 1
A 1237 226 1673 726 4 0
A 87 668 714 726 17 2
A 1252 233 395 815 4 0
A 1434 275 774 209 13 3
A 140 304 597 11 4 4
A 353 353 812 351 5 3
A 1569 705 1807 85 37 3
A 1774 742 1680 520 47 0
A 272 1039 548 469 46 3
A 1637 663 102 269 16 3
A 108 334 1492 740 49 4
A 1881 790 661 1079 27 1
A 840 269 840 993 37 0
A 1460 307 1417 735 30 4
A 327 404 350 680 40 4
A 869 211 231 377 29 2
A 1814 513 1834 566 18 2
A 274 399 380 651 5 2
A 1904 1075 1434 1022 13 2
A 817 975 1315 145 32 0
A 392 999 878 58 13 1
A 1313 153 1429 236 40 3
A 1534 23 1648 1010 37 3
A 398 287 636 264 45 2
A 487 470 99 628 10 2
A 1411 616 1634 799 37 2
A 1255 764 1578 1064 19 4
A 389 1000 141 1 8 4
A 1857 1068 1659 878 46 0
A 1784 598 851 1046 36 1
A 583 278 1678 622 47 0
A 95 875 1336 306 15 2
A 488 281 1021 409 32 1
A 1107 1005 693 19 1 2
A 604 45 692 359 2 4
A 816 242 1631 23 18 0
A 1183 703 1029 39 11 4
A 1560 457 1780 797 4 4
A 370 661 293 135 16 1
A 1689 571 1519 160 25 1
A 280 305 1697 443 11 3
A 1731 999 1485 63 40 2
A 1576 892 50 817 10 0
A 342 20 1381 814 31 4
A 871 359 190 694 15 4
A 1663 716 50 823 20 1
A 1034 185 886 385 49 0
A 1209 893 410 58 9 3
A 766 82 718 589 22 3
A 556 95 1795 607 24 0
A 1525 926 349 635 47 0
A 175 542 971 510 32 3
A 1250 423 827 294 35 2
A 1761 146 1801 180 2 0
A 1500 632 1524 759 28 2
A 1180 29 960 491 25 1
A 1 469 162 482 38 0
A 446 236 1705 177 41 3
A 372 1068 405 630 20 1
A 439 653 1259 182 50 0
A 512 499 1480 926 3 4
A 670 169 629 513 21 1
A 1732 117 358 380 5 2
A 1919 531 1455 484 22 4
A 1737 31 1263 698 11 2
A 846 714 54 908 47 2
A 1165 961 104 842 8 4
A 1085 77 29 334 8 2
A 1781 793 1773 172 39 0
A 246 291 597 553 20 0
A 1656 270 247 102 16 1
A 1055 151 623 630 5 4
A 1619 512 1402 448 35 4
A 1694 609 1783 720 40 3
A 915 935 406 179 19 2
A 1241 974 1262 911 42 0
A 447 357 1485 14 22 1
A 270 815 240 1045 10 3
A 897 319 1737 359 13 4
A 72 97 950 678 33 3
A 1273 875 1878 986 15 4
A 750 395 948 1072 7 3
A 883 335 1029 534 44 4
A 461 197 308 972 28 2
A 721 894 1583 374 5 1
A 513 932 934 394 38 0
A 1841 284 229 701 34 4
A 1761 146 558 821 30 1
A 568 945 1092 63 15 0
A 353 726 370 978 32 3
A 382 219 452 44 37 0
A 1166 722 1044 355 26 2
A 1826 294 1652 977 50 2
A 860 188 1259 918 15 1
A 1007 859 932 192 42 4
A 714 975 292 607 45 1
A 1335 969 588 276 48 1
A 1536 638 536 684 20 3
A 257 963 653 25 9 1
A 171 1034 85 882 11 1
A 1814 121 1213 518 4 1
A 1660 582 1223 850 35 2
A 1010 977 388 194 3 4
A 1562 206 427 294 21 3
A 871 1022 474 655 32 3
A 1831 963 1774 909 40 0
A 1353 449 1901 618 40 0
A 1630 824 951 410 40 2
A 1267 866 603 183 43 4
A 1645 775 492 506 44 4
A 1633 1072 206 904 16 4
A 49 764 147 406 18 1
A 89 590 825 948 22 0
A 1834 941 1444 47 28 1
A 1186 423 281 1032 25 4
A 585 85 897 996 17 2
A 651 434 768 506 41 3
A 1464 1060 620 316 48 3
A 1055 718 1547 981 34 4
A 1578 98 797 67 33 0
A 1894 290 193 462 20 2
A 390 121 1531 942 11 2
A 1738 172 1049 889 50 4
A 1515 191 537 133 1 4
A 1657 18 1570 147 17 4
A 638 773 1244 712 32 1
A 20 5 168 646 29 3
A 1731 860 1340 803 17 3
A 1422 703 1326 82 15 0
A 169 961 680 681 14 0
A 852 58 966 149 26 0
A 361 1006 1146 413 32 3
A 995 894 900 278 36 3
A 686 425 1161 132 48 1
A 1349 172 571 461 25 2
A 383 689 930 343 26 3
A 1841 634 880 108 17 0
A 872 953 1027 7 14 4
A 296 184 1603 723 22 0
A 1772 1008 870 526 3 1
A 1223 438 982 328 5 3
A 472 891 1231 582 47 0
A 406 24 342 619 33 0
A 46 858 1653 612 48 4
A 503 757 1877 1016 26 4
A 1530 725 1807 484 45 1
A 1003 321 882 296 37 3
A 758 58 138 790 5 3
A 1646 1028 934 1042 45 3
A 1256 580 93 781 30 4
A 272 438 534 915 37 3
A 371 454 530 195 4 4
A 1385 757 622 739 33 4
A 471 21 1835 651 3 1
A 1064 1055 978 465 1 3
A 1067 808 212 1 45 0
A 1429 290 1107 265 4 0
A 579 810 576 280 28 1
A 1863 909 367 546 2 0
A 729 99 1119 695 10 2
A 86 948 731 776 28 4
A 1563 604 1722 298 39 2
A 479 505 47 464 28 1
A 1131 669 932 522 6 4
A 1817 86 1567 451 6 0
A 687 102 1810 287 32 0
A 1122 949 1378 833 12 3
A 415 939 1195 925 31 1
A 902 26 1045 886 4 0
A 1707 66 339 143 41 2
A 1662 197 1047 223 9 0
A 920 1021 898 448 39 0
A 905 1066 1624 877 44 0
A 955 874 1504 474 19 0
A 960 762 1018 405 40 0
A 416 865 655 459 19 0
A 1573 852 739 141 34 3
A 249 22 1589 770 5 4
A 602 236 1397 341 27 2
A 642 577 720 329 9 3
A 1700 230 953 27 35 1
A 480 779 1675 89 26 4
A 1431 861 1817 10 12 3
A 1295 735 73 58 5 1
A 82 290 207 238 20 2
A 288 1077 930 298 30 1
A 638 1065 1080 368 19 2
A 1862 611 1599 27 21 1
A 335 133 1219 575 39 2
A 433 1045 426 295 34 4
A 1635 212 171 319 14 3
A 1245 13 1879 222 35 1
A 293 917 1613 910 33 1
A 1457 1001 1541 279 43 3
A 1573 411 379 1079 27 2
A 1865 924 1071 1033 36 4
A 1584 572 198 760 19 0
A 1649 306 148 787 17 4
A 615 700 219 34 21 3
A 821 689 103 179 7 1
A 1781 139 744 974 43 4
A 1146 799 1745 800 15 2
A 599 94 340 625 1 3
A 882 503 532 249 37 1
A 1468 436 204 299 23 2
A 1330 917 452 372 48 0
A 1889 606 1040 614 9 4
A 1035 273 767 679 42 4
A 207 727 1464 870 43 3
A 102 331 330 268 32 2
A 1762 768 860 671 21 2
A 216 726 164 673 48 3
A 862 80 1223 999 37 4
A 96 538 604 98 11 2
A 1498 579 1485 117 6 0
A 1654 147 755 778 44 3
A 960 307 5 162 45 0
A 1678 677 776 200 23 4
A 758 854 1453 950 18 1
A 669 30 395 661 43 0
A 1252 234 470 373 48 4
A 1131 171 23 691 14 1
A 908 1010 957 609 32 3
A 300 1007 1886 780 44 0
A 265 932 1640 299 1 2
A 1798 247 1028 303 26 3
A 1484 978 194 108 3 3
A 413 708 523 992 7 3
A 1486 82 460 352 48 4
A 1191 1033 1797 503 20 0
A 1059 1030 1290 1074 42 4
A 1562 1044 1334 669 2 4
A 671 994 748 959 33 0
A 1054 1049 263 283 24 3
A 45 93 345 967 19 3
A 160 441 310 952 3 1
A 1650 363 303 167 40 3
A 628 477 444 373 32 0
A 512 306 1189 235 22 3
A 1299 129 1261 831 32 1
A 1646 547 1489 494 42 3
A 70 988 741 222 23 4
A 1420 817 601 521 2 4
A 1890 327 742 501 14 0
A 419 1041 76 450 15 0
A 922 37 32 200 35 2
A 388 945 1554 1043 13 4
A 758 1055 1887 496 19 2
A 1301 10 172 730 24 0
A 944 102 78 80 7 2
A 965 867 1280 495 25 2
A 834 113 1086 939 1 3
A 1460 453 223 794 13 4
A 1328 607 1196 925 39 4
A 742 602 1349 864 48 4
A 459 165 1708 163 37 1
A 141 813 1668 649 39 3
A 740 872 789 409 43 3
A 1297 866 944 451 4 2
A 519 605 1400 865 22 1
A 1270 485 1790 1062 40 1
A 294 245 245 329 20 2
A 756 249 1587 370 38 2
A 1288 360 1428 1000 46 3
A 541 319 1319 405 26 3
A 1018 463 1128 4 22 4
A 993 351 1429 214 9 3
A 439 61 1272 83 38 3
A 1190 32 1742 957 1 1
A 1160 73 1104 334 2 3
A 1624 302 1862 929 35 1
A 1268 160 786 753 44 0
A 729 1051 1370 317 49 3
A 259 977 278 361 6 1
A 304 734 281 298 36 1
A 935 35 933 72 49 2
A 1363 999 253 1040 28 1
A 1441 254 1490 906 20 3
A 1024 403 1846 965 5 1
A 1826 505 1620 424 12 1
A 432 1049 1621 273 26 2
A 866 518 1036 754 27 2
A 1833 728 1398 558 38 3
A 301 762 1671 584 43 3
A 1157 771 1378 1019 6 3
A 134 229 390 403 28 3
A 907 1076 628 722 32 1
A 1474 428 1735 140 30 2
A 1210 1013 82 910 14 3
A 308 376 1763 276 10 0
A 696 655 1171 226 44 2
A 860 218 8 869 40 1
A 403 155 866 427 11 4
A 1353 225 156 342 26 4
A 1825 221 888 704 3 1
A 12 99 468 404 39 3
A 825 1020 1509 404 48 4
A 213 642 681 990 10 4
A 621 196 686 599 40 2
A 1455 651 760 85 39 4
A 330 321 626 211 46 4
A 1201 171 225 835 29 4
A 765 819 634 659 26 0
A 800 876 1861 986 46 3
A 144 453 226 1058 2 2
A 1808 441 346 642 46 1
A 1266 331 1517 296 26 1
A 652 500 1343 362 41 0
A 1184 55 911 121 25 0
A 1356 1072 1889 534 48 4
A 578 945 1891 331 36 1
A 1666 811 1639 485 8 2
A 1054 15 1292 988 8 3
A 654 402 627 267 31 1
A 908 444 655 508 48 3
A 674 325 1750 219 8 4
A 532 375 780 648 41 1
A 936 510 737 1061 19 4
A 290 652 664 96 24 4
A 1219 285 1418 303 37 1
A 599 163 1476 901 46 1
A 1522 227 1400 930 32 1
A 1397 91 19 696 44 1
A 997 558 955 271 47 0
A 1704 957 1615 913 50 1
A 773 1056 629 336 27 3
A 1200 860 430 306 42 4
A 1246 125 1764 424 36 2
A 1386 180 1665 937 5 4
A 773 983 1619 360 31 2
A 26 178 80 689 34 3
A 1192 834 531 435 23 4
A 82 635 27 843 34 2
A 1425 620 1450 652 36 2
A 594 1 652 309 32 4
A 1106 969 115 43 41 1
A 1006 161 1564 39 3 4
A 866 667 108 810 19 0
A 1361 955 1013 1012 8 3
A 801 328 1827 710 34 0
A 1593 261 565 804 10 0
A 1342 650 1909 952 24 0
A 565 1072 17 467 44 3
A 1638 453 1605 458 27 3
A 573 337 151 1027 39 0
A 1690 110 89 748 50 1
A 633 200 686 778 33 1
A 1526 747 582 778 12 4
A 187 656 935 1046 12 0
A 1718 1008 1596 122 47 4
A 105 218 226 642 49 2
A 668 577 165 193 8 3
A 1682 60 696 238 21 0
A 523 820 914 436 29 1
A 1774 117 380 86 28 1
A 559 707 129 545 49 0
A 226 454 1144 941 50 2
A 823 602 1284 49 40 3
A 1890 986 1842 750 25 2
A 1013 880 1879 141 34 4
A 416 618 1341 140 14 3
A 308 727 1264 682 7 3
A 1146 155 1720 266 24 4
A 375 859 1109 27 4 3
A 1607 177 178 78 35 4
A 1561 1075 734 119 36 2
A 574 208 1366 917 16 1
A 695 540 1499 453 20 2
A 53 694 1773 369 41 3
A 1277 691 638 955 41 1
A 530 484 651 417 22 3
A 1647 608 1338 776 40 2
A 1919 766 1488 567 39 1
A 1329 791 35 657 14 3
A 48 497 1671 605 27 0
A 1685 615 806 689 35 2
A 436 425 762 350 43 3
A 1843 696 1881 851 19 0
A 1146 842 553 236 24 1
A 728 633 1599 305 13 3
A 386 676 1002 437 38 0
A 1262 320 481 584 23 4
A 1876 435 893 114 3 1
A 605 540 1146 950 30 2
A 618 726 806 1 39 2
A 980 62 6 1021 17 1
A 171 351 1788 799 48 1
A 1212 318 1301 501 34 2
A 264 465 263 818 13 3
A 218 956 833 369 30 1
A 856 91 658 497 27 1
A 13 22 1108 695 43 0
A 1708 80 72 306 32 2
A 1565 17 52 100 28 2
A 1700 530 1643 929 11 0
A 1811 778 473 684 28 2
A 1056 483 1275 763 26 3
A 407 673 1682 695 24 3
A 404 488 1792 558 24 4
A 338 980 1488 703 29 0
A 602 935 1631 913 44 1
A 123 222 1481 386 25 3
A 1596 832 392 354 7 4
A 183 1068 815 120 46 2
A 1032 363 33 696 40 2
A 1584 857 1657 111 29 1
A 226 884 1900 941 38 3
A 1101 377 1572 459 30 3
A 1182 152 1131 374 12 0
A 331 1048 934 732 19 1
A 500 249 1709 215 11 0
A 897 928 178 685 20 1
A 1837 471 418 132 5 3
A 110 878 1014 616 36 2
A 523 883 500 849 47 0
A 1510 80 1126 757 9 1
A 696 961 396 718 49 2
A 796 331 1195 466 29 4
A 266 955 691 247 42 0
A 221 307 551 458 31 3
A 1373 762 1403 1021 17 3
A 1302 492 794 597 4 1
A 1352 877 954 619 26 1
A 905 1072 348 651 22 2
A 5 6 544 458 47 1
A 167 61 103 652 41 3
A 21 419 1298 27 14 3
A 1624 90 1410 128 31 4
A 1819 874 1594 635 32 4
A 499 808 1666 886 8 3
A 140 731 348 922 46 1
A 1023 195 216 452 24 1
A 1349 384 316 560 1 3
A 258 581 275 378 34 3
A 808 320 767 416 50 0
A 1280 698 352 459 29 2
A 1121 392 148 200 38 0
A 1427 490 1505 12 13 2
A 1465 262 589 247 7 3
A 81 438 1050 875 38 4
A 607 389 1480 931 25 4
A 1623 83 613 930 30 4
A 1777 875 1650 803 3 4
A 819 5 827 195 30 3
A 58 1000 193 790 12 3
A 1461 69 1379 782 2 0
A 871 548 610 821 41 2
A 1656 349 763 571 9 2
A 591 808 538 637 22 1
A 83 601 1379 1001 42 1
A 1157 611 722 491 5 1
A 497 344 1307 650 33 1
A 1857 279 880 189 20 4
A 342 475 397 453 1 3
A 498 936 455 880 49 2
A 50 586 16 206 21 1
A 363 298 1770 73 10 0
A 1237 867 569 251 19 3
A 846 675 1557 589 23 3
A 615 361 1077 582 34 2
A 1150 158 614 382 28 3
A 367 471 1541 330 26 2
A 793 384 596 485 3 3
A 342 801 1022 707 15 4
A 1672 1005 1589 982 36 3
A 448 816 583 412 19 1
A 863 272 720 229 1 3
A 1266 205 658 547 12 4
A 1629 703 1589 378 36 4
A 1816 440 1792 284 37 0
A 1037 15 997 129 33 0
A 592 326 188 384 45 4
A 427 240 483 1059 23 4
A 1222 884 1602 704 39 4
A 273 585 625 37 3 0
A 1133 488 304 839 23 1
A 847 530 337 48 25 2
A 988 886 780 688 28 0
A 1231 600 781 205 28 0
A 1462 622 1335 635 22 4
A 484 517 1376 677 3 1
A 220 338 959 506 7 0
A 244 572 1701 93 12 1
A 1909 291 578 659 10 0
A 845 141 1278 693 15 0
A 104 647 19 971 28 3
A 844 384 1809 483 2 0
A 428 975 964 323 6 0
A 1232 1076 788 744 45 4
A 585 552 1896 4 36 1
A 53 612 1643 1053 13 0
A 1316 523 1913 211 13 0
A 1120 1043 924 161 34 1
A 767 284 543 944 28 4
A 1524 168 334 159 27 2
A 1547 160 1653 212 8 3
A 1189 37 1392 220 16 1
A 1760 868 1174 776 6 3
A 1369 752 1867 631 13 4
A 1674 764 1814 134 15 2
A 652 327 538 255 44 3
A 1030 784 573 720 16 4
A 1402 619 585 814 35 4
A 298 321 1524 450 33 0
A 755 131 1484 506 6 0
A 203 917 992 709 36 4
A 1120 476 239 295 47 3
A 1898 342 711 200 4 4
A 1866 505 803 514 32 2
A 55 334 1714 829 41 3
A 1486 919 38 548 36 1
A 1432 167 1266 332 12 2
A 280 56 1151 662 18 4
A 242 266 1044 908 10 3
A 1388 309 554 434 5 4
A 848 839 400 581 38 0
A 711 980 1893 1076 35 0
A 172 201 1572 689 7 4
A 1854 623 1617 131 46 3
A 803 325 1261 913 21 0
A 322 669 59 862 34 0
A 1073 1049 262 504 23 3
A 1134 500 1412 652 15 1
A 555 95 814 187 15 1
A 1437 75 1381 861 47 1
A 517 1023 771 812 13 1
A 1796 298 1279 905 21 2
A 952 923 995 773 30 3
A 1537 848 610 227 27 3
A 252 106 536 743 25 1
A 884 131 781 206 34 2
A 1535 287 1856 1033 26 2
A 80 791 1007 1039 26 2
A 1180 217 1313 590 25 3
A 854 1056 873 736 6 4
A 1871 386 532 343 36 0
A 1677 791 48 273 36 4
A 892 1067 1318 528 38 4
A 131 28 304 871 50 3
A 23 64 1229 762 24 0
A 471 447 1604 755 40 4
A 511 1040 1738 323 50 1
A 819 60 1759 945 26 4
A 1160 425 1054 416 12 3
A 735 40 1714 502 40 4
A 814 663 1104 535 34 0
A 1761 184 1620 898 33 4
A 36 340 1488 887 24 2
A 534 728 1436 616 25 0
A 1528 199 1289 511 36 3
A 1632 169 867 197 20 4
A 244 595 1032 730 17 4
A 1321 293 232 65 3 0
A 8 540 808 877 38 0
A 8 713 670 882 13 1
A 580 96 133 684 10 3
A 1672 42 829 410 2 2
A 1052 467 1917 960 14 2
A 1578 610 653 387 49 2
A 1436 255 982 473 20 2
A 696 224 728 645 45 2
A 699 321 1343 794 10 1
A 150 1023 127 522 50 2
A 1277 977 1211 1056 15 4
A 403 700 91 736 33 2
A 1073 869 1252 307 8 0
A 1770 1 1295 318 36 2
A 1637 782 1811 755 9 1
A 965 139 1799 561 38 0
A 436 477 1759 1060 44 2
A 605 147 118 78 26 4
A 1586 402 988 569 43 3
A 31 56 1386 327 36 0
A 352 1037 1378 352 36 3
A 644 684 1194 137 39 3
A 1464 596 803 409 50 0
A 1049 14 112 852 23 0
A 1135 990 610 472 29 2
A 85 224 670 973 11 3
A 173 663 1181 579 16 0
A 1470 163 1892 101 7 0
A 1373 1072 493 175 2 3
A 590 199 1426 352 11 4
A 227 704 1253 293 11 3
A 1018 649 616 1058 36 1
A 554 575 784 1064 12 3
A 67 865 923 444 17 4
A 424 1071 77 380 28 3
A 354 116 391 473 14 1
A 1604 650 1560 655 10 1
A 401 265 484 1020 9 1
A 1734 506 1508 1038 24 3
A 472 502 961 591 12 3
A 208 312 829 754 39 2
A 557 844 1079 865 45 1
A 1806 283 1399 454 35 4
A 1503 29 801 20 48 0
A 645 34 1557 187 35 0
A 814 36 1534 357 32 2
A 72 899 1061 1052 19 3
A 1893 1020 262 454 1 1
A 1172 324 784 70 8 1
A 168 359 145 220 6 3
A 1843 462 87 874 49 0
A 1476 659 1849 102 47 0
A 1790 699 303 889 16 3
A 554 122 1178 441 15 1
A 979 1063 1106 60 10 4
A 446 102 1628 409 37 0
A 682 1041 1774 103 24 1
A 354 168 1062 479 15 1
A 1858 465 1876 198 2 3
A 1382 280 2 551 44 2
A 1190 166 325 837 5 0
A 1828 365 57 814 38 2
A 684 225 142 384 27 4
A 780 707 444 622 26 2
A 395 475 1502 1048 33 3
A 358 1036 587 365 1 3
T 1489 123 9
T 1233 829 22
T 1024 1011 4
